Sun
1.989e+30
0.0
0.0
0.0
0.0
0.0
0.0

Mercury
3.30104e+23
0.422456351024
-0.0156077942068
-0.0400589726131
-4.00281452357e-08
2.86294095721e-07
2.70600438067e-08

Venus
4.86732e+24
0.62714954113
0.368784046144
-0.0311851025426
-1.17460209449e-07
2.00449900443e-07
9.52941395459e-09

Earth
5.97219e+24
-0.941825737344
-0.345823251414
4.06322412463e-06
6.53351068767e-08
-1.87378238523e-07
1.71501784097e-12

Mars
6.41693e+23
1.29619272626
0.478881531905
-0.0219566084096
-6.26292996459e-08
1.6554103946e-07
5.00544330482e-09

Jupiter
1.89813e+27
-4.42038817507
2.33096386223
0.0891515993043
-4.4597348724e-08
-7.90698345571e-08
1.31497697633e-09

Saturn
5.68319e+26
-1.33024299413
-9.12090727357
0.212399364949
6.54269283516e-08
-1.25714482862e-08
-2.3912609722e-09

Uranus
8.68103e+25
-17.8090491654
-5.30602576234
0.211148889254
1.49421693053e-08
-4.44615611855e-08
-3.59476105962e-10

Neptune
1.0241e+26
-15.7846681144
25.4167378228
-0.159675618927
-3.08430355913e-08
-1.94672422995e-08
1.11157700055e-09

Pluto
1.309e+22
-42.9841936838
-9.46227627833
13.4463887186
1.06788521651e-08
-2.45878083094e-08
-4.57826894614e-10

Moon
0
-0.94378074807
-0.347632743937
0.000242448898697
6.95853858258e-08
-1.92340073941e-07
-5.48647780444e-11

Phobos
0
1.29619204212
0.478944229767
-0.0219576552507
-7.6905651497e-08
1.65598662614e-07
4.8796132644e-09

Deimos
0
1.29614056289
0.478733714535
-0.021960130544
-5.41121009672e-08
1.62541149265e-07
4.80988219518e-09

Io
0
-4.4213479579
2.3336035291
0.0891532115682
-1.53827370031e-07
-1.18943083294e-07
1.34460375077e-09

Europa
0
-4.42260111352
2.33491406113
0.0891153153055
-1.24033602753e-07
-1.2342026303e-07
1.18736438659e-09

Ganymede
0
-4.42635225343
2.32702248761
0.0891626725118
-4.418383102e-09
-1.39753245272e-07
1.12035068004e-09

Callisto
0
-4.43296954673
2.33253352671
0.0891172084885
-5.13245514188e-08
-1.33072830852e-07
1.2079172851e-09

Amalthea
0
-4.42038810745
2.33218038298
0.0891489792606
-2.20654909918e-07
-7.91086736225e-08
2.41947689409e-09

Thebe
0
-4.42096801896
2.3295778925
0.0891572958646
1.00083090448e-07
-1.41652395969e-07
4.23293304352e-09

Adrastea
0
-4.41962406594
2.33056170707
0.0891523894038
5.30565152269e-08
1.05911730396e-07
1.26797866487e-09

Metis
0
-4.41953260203
2.33096385076
0.0891514444179
-4.48455150978e-08
1.31218362804e-07
1.25659627626e-09

Himalia
0
-4.45126393624
2.39106188739
0.118350098008
-6.43042134726e-08
-8.85025107626e-08
8.8506272243e-09

Elara
0
-4.46795269417
2.29831746917
0.119382200468
-2.83184869053e-08
-9.91793803312e-08
-1.88425981876e-09

Pasiphae
0
-4.40913346683
2.16882058719
0.146380444619
-5.71119634784e-08
-7.30521093904e-08
3.91495773753e-09

Sinope
0
-4.57877974209
2.45174349553
0.107725325702
-3.86937172058e-08
-6.96260918159e-08
-2.90452889313e-09

Lysithea
0
-4.35296353974
2.35103676824
0.0963475123307
-5.32872844219e-08
-5.91977410919e-08
1.21095436684e-08

Carme
0
-4.523408656
2.18259807585
0.0473774011904
-5.344257195e-08
-6.9751687675e-08
2.13376495832e-10

Ananke
0
-4.3150177225
2.43922227663
0.0434687283248
-3.61726372165e-08
-8.86946133989e-08
8.3517031823e-09

Leda
0
-4.34426090997
2.31721513959
0.120235804948
-4.10815638062e-08
-6.04542713676e-08
-5.14431530017e-09

Callirrhoe
0
-4.51488676596
2.48531155265
0.126083438377
-3.75405208323e-08
-6.95412369823e-08
-4.53345651638e-09

Themisto
0
-4.3812557986
2.32081846653
0.106148242565
-3.74192198212e-08
-5.59506853532e-08
-1.83096708857e-08

Megaclite
0
-4.60702238596
2.28828560983
0.187544976272
-4.90053533355e-08
-6.94425527307e-08
2.63495952558e-09

Taygete
0
-4.30855220197
2.20480760027
0.0841721956183
-5.2337412819e-08
-9.06772780582e-08
4.73899686403e-09

Chaldene
0
-4.26039090634
2.35689421565
0.124328359186
-4.53086086307e-08
-9.33472374484e-08
-1.46022503838e-09

Harpalyke
0
-4.31118849812
2.45609484489
0.0562606529465
-3.60371979395e-08
-8.68664675555e-08
8.0008781896e-09

Kalyke
0
-4.30304649007
2.20901430203
0.134115351452
-5.63877950608e-08
-8.63019823666e-08
5.29633982981e-10

Iocaste
0
-4.27479996308
2.33799465991
0.00311872886624
-4.5328244904e-08
-9.24979184104e-08
1.69341322221e-09

Erinome
0
-4.36311688099
2.48356614516
0.0483946255107
-3.2984775528e-08
-8.75708503092e-08
8.89483194683e-10

Isonoe
0
-4.53365251784
2.1955376932
0.043259549646
-5.58243629417e-08
-7.24408039809e-08
2.26975813343e-10

Praxidike
0
-4.32331330033
2.21007734038
0.0454932623789
-5.16538031012e-08
-9.01437241078e-08
6.76694817382e-09

Autonoe
0
-4.32862936258
2.50650294577
0.0366488477351
-3.50374202629e-08
-8.33718472105e-08
-3.57373441336e-09

Thyone
0
-4.41503077255
2.17869414255
0.0306199909561
-5.72197251394e-08
-7.92186064429e-08
7.4166028319e-09

Hermippe
0
-4.48580596563
2.20260737576
0.169782048394
-5.75289083073e-08
-7.4180343671e-08
2.51264780797e-09

Aitne
0
-4.55071829781
2.44285662145
0.0543606321275
-3.80584796544e-08
-6.73147774397e-08
-1.52478109165e-09

Eurydome
0
-4.55867006869
2.33241165193
0.155330364433
-4.22969900275e-08
-6.44886505806e-08
-4.26358833524e-09

Euanthe
0
-4.33159475978
2.29012775877
0.030954384046
-5.41512191607e-08
-9.63162894056e-08
4.04574655063e-09

Euporie
0
-4.47714539143
2.21912298901
0.0935480691328
-5.87346600274e-08
-7.50613754695e-08
-8.39552554546e-09

Orthosie
0
-4.5810236546
2.34215467232
0.167182418299
-4.06325669022e-08
-6.78873125345e-08
5.1365425716e-09

Sponde
0
-4.51152957596
2.16459872846
0.00292476324906
-5.35324208664e-08
-7.30110021852e-08
-1.63173248155e-09

Kale
0
-4.60677816243
2.3424519072
0.0441191446278
-4.21154977397e-08
-6.70764495494e-08
2.89337016845e-10

Pasithee
0
-4.46902597567
2.15249704974
0.136156438368
-5.58643016279e-08
-7.41538616171e-08
1.809051531e-09

Hegemone
0
-4.40830231894
2.14498988342
0.153163450503
-5.58994116375e-08
-7.58618792028e-08
3.7417237105e-09

Mneme
0
-4.43952392148
2.46109875021
0.00913373825453
-2.98449445733e-08
-7.9195022535e-08
3.48767951898e-09

Aoede
0
-4.35635038099
2.12653602597
0.0111620840297
-5.42147699007e-08
-8.05732415934e-08
2.78778483295e-10

Thelxinoe
0
-4.28662167198
2.26849218659
0.0683157923711
-5.41315752345e-08
-8.94266340383e-08
-5.15403922692e-09

Arche
0
-4.45482539745
2.45479596482
0.0614356319686
-2.83385878144e-08
-7.15229768355e-08
-2.11825054078e-09

Kallichore
0
-4.35868322446
2.20852469981
0.125556650694
-5.76017851922e-08
-9.00473397329e-08
2.08794046109e-09

Helike
0
-4.42635540906
2.45813322135
0.086087347834
-2.84970177517e-08
-7.60403117738e-08
8.87050126436e-09

Carpo
0
-4.39967240513
2.39601357038
0.121080270292
-6.51814323712e-08
-8.75644056552e-08
1.45907809549e-08

Eukelade
0
-4.29126951398
2.47340292646
0.117608125021
-3.63471174432e-08
-8.75241546245e-08
-1.35519608655e-09

Cyllene
0
-4.42954211367
2.12166691149
0.0585012055271
-5.40022265035e-08
-8.22749492959e-08
5.88122222649e-09

Kore
0
-4.47352716469
2.44312680275
0.0624613700241
-3.16610993613e-08
-7.01080413656e-08
-9.50937348726e-09

Herse
0
-4.60303426096
2.36816641886
0.129026234687
-4.41552690384e-08
-6.67171389056e-08
-2.31104918453e-10

S/2000 J 11
0
-4.36734966688
2.36771955428
0.123820086045
-6.06829699304e-08
-6.18301729139e-08
-2.77357564188e-09

S/2003 J 2
0
-4.20193432581
2.21757666037
0.110942024988
-5.1742296469e-08
-8.5673518946e-08
4.76655102511e-09

S/2003 J 3
0
-4.49349477089
2.23458828813
0.0873681015791
-5.51256097414e-08
-6.73584414113e-08
1.11911069744e-08

S/2003 J 4
0
-4.50549232682
2.47496959554
0.172909114692
-3.17670564414e-08
-7.75462080016e-08
2.32338834067e-09

S/2003 J 5
0
-4.49232270465
2.42844326305
0.113680463101
-2.76139753679e-08
-7.0335748163e-08
3.86969313391e-09

S/2003 J 9
0
-4.49584633371
2.4147618922
0.0590599714626
-2.87389872797e-08
-6.66423064784e-08
1.89953257666e-09

S/2003 J 10
0
-4.52338749161
2.48772609411
0.113091355141
-3.24968480364e-08
-7.70402531172e-08
3.31114852693e-09

S/2003 J 12
0
-4.36046060797
2.27394283051
0.132473170689
-5.0607277636e-08
-1.00360755555e-07
3.17110046831e-09

S/2003 J 15
0
-4.50684669361
2.41134178611
0.166219058479
-3.57608490584e-08
-6.4635084552e-08
1.67718581921e-09

S/2003 J 16
0
-4.31574765029
2.39969949947
0.0676236541212
-3.79977828221e-08
-9.30953963128e-08
1.06466739874e-08

S/2003 J 18
0
-4.56252817284
2.32040263129
0.0471255815344
-4.72783838097e-08
-6.60276492604e-08
8.79368410443e-09

S/2003 J 19
0
-4.23164877282
2.34553904206
0.108831441812
-4.58193485945e-08
-9.12422883011e-08
4.03646841347e-09

S/2003 J 23
0
-4.24640372203
2.31036607493
0.176195675915
-4.64087986651e-08
-9.00964977834e-08
5.97945403909e-09

S/2010 J 1
0
-4.36784627827
2.14385539179
0.0866126523615
-5.5649545391e-08
-8.30885432263e-08
4.42004253326e-09

S/2010 J 2
0
-4.35424774505
2.42248837904
0.0377996986171
-3.12445025625e-08
-8.95831528784e-08
8.50277650687e-09

S/2011 J 1
0
-4.25450179952
2.29805502313
0.0452775702939
-5.03268200723e-08
-9.16692758692e-08
1.64246776547e-09

S/2011 J 2
0
-4.52696532688
2.21703592672
0.118220227401
-5.12697857114e-08
-6.71594361558e-08
-5.44295320315e-09

Mimas
0
-1.33139331846
-9.12051046428
0.212392379308
3.31956733773e-08
-1.04432551874e-07
2.21785382797e-10

Enceladus
0
-1.33183305725
-9.12097027542
0.212399336778
6.87671138176e-08
-9.68722294027e-08
-2.39541824995e-09

Tethys
0
-1.33219146879
-9.12119531249
0.212363807557
7.65137079108e-08
-8.75797272051e-08
-1.9315102252e-09

Dione
0
-1.33275772062
-9.12076699807
0.212398237122
6.17792106518e-08
-7.95910147802e-08
-2.40435606646e-09

Rhea
0
-1.32809480605
-9.11811359716
0.212417347875
2.04894708475e-08
2.19820980048e-08
-2.23355285567e-09

Titan
0
-1.32205815854
-9.119044967
0.212387579441
5.76756476021e-08
2.28112056496e-08
-2.20502986435e-09

Hyperion
0
-1.32584510557
-9.1299151252
0.212456664568
9.59794232103e-08
1.47957862343e-09
-2.08136020102e-09

Iapetus
0
-1.3538080452
-9.12656756127
0.215667310148
7.0441373838e-08
-3.3161740456e-08
-3.57816141125e-09

Phoebe
0
-1.40887694169
-9.13314852133
0.217634800341
6.18321252932e-08
-7.51219347473e-10
-1.65381744731e-09

Janus
0
-1.33123653296
-9.12104456559
0.212400967241
7.97296123616e-08
-1.18372403404e-07
-2.13494744978e-09

Epimetheus
0
-1.32923540595
-9.1208378927
0.21240031937
5.98282691662e-08
9.33073601312e-08
-3.03509452855e-09

Helene
0
-1.33152619602
-9.12307980996
0.212408479003
1.23115444999e-07
-4.66447445963e-08
-2.3323551744e-09

Telesto
0
-1.33096639807
-9.12273988736
0.212412762554
1.35946371559e-07
-4.03813783656e-08
-9.17558903233e-10

Calypso
0
-1.33146651631
-9.11936187471
0.212404631775
6.01561192589e-09
-5.95826629621e-08
-4.3647281713e-09

Atlas
0
-1.32933742763
-9.12074054354
0.212399399624
4.52247874157e-08
9.64971450902e-08
-2.39530073755e-09

Prometheus
0
-1.33030520888
-9.11997701852
0.212399445983
-4.45493792818e-08
-1.96854008394e-08
-2.40070237472e-09

Pandora
0
-1.329355666
-9.12124745143
0.212399196035
1.04809015519e-07
8.91097477965e-08
-2.4844885886e-09

Pan
0
-1.33098847492
-9.12041560754
0.212399364949
3.42127647778e-09
-1.06586531001e-07
-2.3912609722e-09

Methone
0
-1.33145937213
-9.12044975211
0.212399236499
3.25600876668e-08
-9.99520599811e-08
-2.41032760624e-09

Pallene
0
-1.33125057633
-9.11991601493
0.2123993702
2.53875334776e-09
-7.65288829385e-08
-2.38973142405e-09

Polydeuces
0
-1.3311582625
-9.11855715106
0.212404652137
2.53204535902e-09
-3.56930454965e-08
-2.23975577503e-09

Daphnis
0
-1.33106027231
-9.12050135978
0.212399381855
1.58689765807e-08
-1.12352816405e-07
-2.38580486881e-09

Anthe
0
-1.33053456211
-9.12219222901
0.212399189166
1.55799621335e-07
-3.30588309586e-08
-2.37038488144e-09

Aegaeon
0
-1.3299134059
-9.11983785215
0.212399382553
-3.07277792099e-08
1.70500230878e-08
-2.39202183376e-09

Ymir
0
-1.17033209421
-9.23261049447
0.195908784821
6.06422586933e-08
-1.69798012948e-08
-2.75890460903e-09

Paaliaq
0
-1.39231534842
-9.06974149143
0.226287429786
6.14111352485e-08
-2.05388137103e-08
-1.16895615474e-08

Tarvos
0
-1.40771663458
-9.23771632318
0.279772350565
7.14789091671e-08
-1.40808216049e-08
-6.11727328552e-09

Ijiraq
0
-1.33383011415
-9.1660207074
0.247501204084
7.82375149735e-08
-1.99645747138e-08
-7.70515705058e-09

Suttungr
0
-1.38812085688
-9.22528242996
0.210326344798
5.69914098286e-08
-6.99863404841e-09
-1.66118691471e-09

Kiviuq
0
-1.34506153228
-9.1888737576
0.138805069852
7.39046928473e-08
-1.41632673158e-08
-3.06607303294e-09

Mundilfari
0
-1.20778210815
-9.08156780294
0.238383197733
6.96869375431e-08
-2.04646638078e-08
-1.23073058822e-09

Albiorix
0
-1.35944645327
-9.1891702991
0.241670709107
7.26321257415e-08
-2.34609968767e-08
-5.55166383889e-09

Skathi
0
-1.26560257165
-9.22255624511
0.195365273836
6.02289186213e-08
-1.87831637469e-08
1.10573341566e-09

Erriapus
0
-1.24486040588
-9.20247555425
0.232946160258
6.76730603348e-08
-4.89245713108e-09
-7.75146106209e-09

Siarnaq
0
-1.27290637244
-9.21445055559
0.10408686922
7.07599981858e-08
-7.57919250527e-09
-3.0091329435e-09

Thrymr
0
-1.32025672811
-9.0251711525
0.210943321083
7.72685098235e-08
-9.127903195e-09
-2.89539331243e-09

Narvi
0
-1.46394659521
-9.19910620033
0.150534315098
5.96789720241e-08
-9.17746185546e-09
-4.69425572797e-10

Aegir
0
-1.36214495343
-9.22304929754
0.188073502126
5.43813997791e-08
-1.09413577958e-08
-2.04777344709e-09

Bebhionn
0
-1.16784941528
-9.08166721349
0.223742815029
6.49335798614e-08
-7.62277134894e-09
-5.79096863662e-09

Bergelmir
0
-1.41504278595
-9.04557336536
0.252366327637
7.32321558665e-08
-6.35880544441e-09
-1.28799920791e-09

Bestla
0
-1.17346051824
-9.11888710053
0.108259551077
6.42205674401e-08
-1.8138221032e-08
-3.751089319e-10

Farbauti
0
-1.35409268113
-9.24751278094
0.166124783246
5.74961075456e-08
-8.30039872871e-09
-3.50828357694e-09

Fenrir
0
-1.20158850885
-9.21488758701
0.169941112132
6.13210243316e-08
-1.9270870538e-08
-2.82659832395e-09

Fornjot
0
-1.33560920956
-8.92238198524
0.219175062207
7.21429460728e-08
-1.30453790343e-08
-3.52710652969e-09

Hati
0
-1.45021735983
-8.98572527666
0.202279900515
6.97073302529e-08
-8.19052495093e-09
-3.92230377119e-09

Hyrrokkin
0
-1.39443710423
-9.22296383377
0.226466517263
6.00217218149e-08
-5.92291950137e-09
-7.00863375064e-09

Kari
0
-1.3907517022
-9.26480707377
0.25115953145
6.09214804307e-08
-6.09989045582e-09
-9.88205985136e-10

Loge
0
-1.20636743164
-9.15598768725
0.212214308497
6.18894859227e-08
-2.18089586136e-08
-2.40000148689e-10

Skoll
0
-1.23582197167
-9.11407067552
0.18229687144
7.13738043539e-08
-2.24039293818e-08
-2.70450521499e-09

Surtur
0
-1.46995089608
-8.96557543114
0.249189069765
6.859566429e-08
-7.78693236754e-09
-2.39222866902e-09

Jarnsaxa
0
-1.22633896297
-9.23045012551
0.253762428162
5.95433941588e-08
-1.72797597899e-08
-1.77632738108e-09

Greip
0
-1.3193996869
-9.22467015335
0.22149749013
5.44483037874e-08
-1.05753112904e-08
-2.38514558609e-09

Tarqeq
0
-1.31118518898
-9.25418039149
0.176311491992
7.1111131622e-08
-1.06346115994e-08
-8.06014305566e-09

S/2004 S 7
0
-1.41514767657
-8.983137498
0.186096866146
6.89882486395e-08
-6.13753984928e-09
-4.23702571799e-09

S/2004 S 12
0
-1.39896829285
-9.17357455892
0.235176799796
5.73999132263e-08
-2.40361708125e-09
-2.37059772697e-09

S/2004 S 13
0
-1.42252957192
-9.07608818215
0.228323391212
6.82831732289e-08
-1.83872526089e-09
-7.21325142928e-10

S/2004 S 17
0
-1.18556619872
-9.1431986415
0.230064263351
6.30884430659e-08
-2.02893082028e-08
-1.17377054863e-09

S/2006 S 1
0
-1.28918585022
-9.00929826081
0.159979191218
7.43180945136e-08
-1.47058392049e-08
-3.08252051929e-09

S/2006 S 3
0
-1.51740696803
-9.20698384151
0.215627643654
6.2826702068e-08
-7.76757471585e-09
-2.54626359967e-10

S/2007 S 2
0
-1.25907998485
-9.20894650037
0.215976699425
5.89972058194e-08
-2.00879217141e-08
-3.29889694121e-09

S/2007 S 3
0
-1.36514896489
-9.2373672436
0.214436208066
5.66773234933e-08
-8.08153651605e-09
-2.04878881984e-09

Ariel
0
-17.8103227004
-5.30596498532
0.211149276655
1.31572754988e-08
-8.12725792144e-08
-3.83344413247e-10

Umbriel
0
-17.810204581
-5.30468300622
0.211152815248
-8.80918064367e-09
-6.48643278087e-08
-3.68216645634e-10

Titania
0
-17.807130343
-5.3038330375
0.211145768844
-3.39734621685e-09
-2.83980385179e-08
-3.38315039988e-10

Oberon
0
-17.806696831
-5.30913580575
0.211151014148
3.17270019027e-08
-3.17300202055e-08
-3.37280080136e-10

Miranda
0
-17.8082076745
-5.3062360035
0.211170889225
2.56226844443e-08
-1.19976756263e-09
2.82305546108e-09

Cordelia
0
-17.8089352355
-5.30571292305
0.211149148177
-5.27973095755e-08
-1.98144788382e-08
-2.68424638661e-10

Ophelia
0
-17.8088735847
-5.30634147969
0.211149352668
7.55818930306e-08
-1.14363630235e-08
-4.47363958674e-10

Bianca
0
-17.8092469749
-5.30636883909
0.211149619436
7.21636207923e-08
-7.74999269499e-08
-5.45671007665e-10

Cressida
0
-17.8086548775
-5.3059020828
0.211148846403
-4.44184524463e-09
1.72645104131e-08
-3.58529554067e-10

Desdemona
0
-17.8087579679
-5.30632730064
0.211149003049
6.1152315646e-08
1.64640803346e-10
-2.33984972737e-10

Juliet
0
-17.808780298
-5.30636215996
0.211149352613
6.44224288581e-08
-4.86292503177e-09
-3.82306981097e-10

Portia
0
-17.8086318118
-5.30617103127
0.211149338383
3.55063871811e-08
1.46306918628e-08
-3.49114033998e-10

Rosalind
0
-17.8088931046
-5.30646624327
0.211146629051
7.22946118705e-08
-2.41464516453e-08
-3.25124914501e-10

Belinda
0
-17.8086694891
-5.30635619726
0.211149062951
5.34336738244e-08
-2.33617428396e-10
-3.35043747507e-10

Puck
0
-17.8085433442
-5.30629904876
0.211151738423
4.10122527971e-08
3.80308576223e-09
-2.20299374211e-10

Perdita
0
-17.8086281803
-5.30572631494
0.211153117139
-1.85252596907e-08
2.34433441712e-09
-3.2810961143e-10

Mab
0
-17.809635235
-5.30573719133
0.211149334716
-7.67759761476e-09
-9.06914046338e-08
-4.74701476005e-10

Cupid
0
-17.8093400695
-5.30642987875
0.211149562195
6.27399259056e-08
-7.88950563518e-08
-2.96025554948e-10

Caliban
0
-17.8477042343
-5.29730098974
0.213294971289
1.62155795206e-08
-3.89885428757e-08
4.09310949569e-09

Sycorax
0
-17.7230364891
-5.25936194992
0.181216484389
1.48381552375e-08
-4.80025942973e-08
-4.8196097367e-10

Prospero
0
-17.7302505586
-5.42816423315
0.232832066183
1.24329282357e-08
-4.49203631386e-08
7.07490786086e-10

Setebos
0
-17.7470321567
-5.13145890683
0.21141585144
1.66561964258e-08
-4.50601982587e-08
-1.08433277763e-09

Stephano
0
-17.7908106865
-5.34787195482
0.178509269387
9.59611038921e-09
-4.53189473541e-08
-2.00579731665e-10

Trinculo
0
-17.8661183504
-5.34499251612
0.205530495934
1.24515105266e-08
-4.0938324747e-08
5.69461639563e-10

Francisco
0
-17.7934451528
-5.32374829599
0.218886038552
9.94314491612e-09
-5.06742865037e-08
-4.26320924459e-09

Margaret
0
-17.7395608034
-5.31921316275
0.177359944245
1.36571437425e-08
-4.19079695564e-08
3.84500085954e-09

Ferdinand
0
-17.7140416142
-5.30314166533
0.201183463765
1.634327621e-08
-4.90356274294e-08
-1.16722863104e-09

Triton
0
-15.7858322094
25.4186455359
-0.158882001131
-5.28845251473e-09
-6.38629321348e-09
7.15134404848e-09

Nereid
0
-15.7791233456
25.4787274562
-0.152370478769
-3.38245390593e-08
-2.03696207442e-08
8.56017266705e-10

Naiad
0
-15.7845808765
25.41704779
-0.159661615994
-1.07330895469e-07
1.82297860053e-09
6.62651031928e-09

Thalassa
0
-15.7845760873
25.4164159684
-0.159675111687
4.42272141556e-08
2.01332735663e-09
9.70665757805e-10

Despina
0
-15.7848681356
25.4170264737
-0.159675310852
-9.34939558448e-08
-6.28957605639e-08
1.17250255449e-09

Galatea
0
-15.7846411166
25.4171510808
-0.159675433411
-1.00897079512e-07
-1.48842593554e-08
1.1389027816e-09

Larissa
0
-15.7841771544
25.4167745909
-0.159674155866
-3.56272076064e-08
4.46970472123e-08
1.23985337633e-09

Proteus
0
-15.7846131083
25.4159531568
-0.159676296077
1.9965363783e-08
-1.58814200489e-08
1.16182428657e-09

S/2004 N 1
0
-15.7842883769
25.4161452294
-0.159675618927
1.44974310037e-08
9.58720918477e-09
1.11157700055e-09

Halimede
0
-15.8013386217
25.3477485685
-0.265715222966
-3.38976564032e-08
-2.14550496461e-08
1.74858271297e-09

Psamathe
0
-15.4463104705
25.1580176093
-0.320660573545
-3.13939885549e-08
-2.05933293546e-08
2.03681753765e-09

Sao
0
-15.743268612
25.2756519549
-0.285309013468
-2.88432692187e-08
-1.79926185478e-08
-8.64538922074e-11

Laomedeia
0
-15.7365240272
25.5756468161
-0.132491340927
-3.37766493549e-08
-2.03490955664e-08
2.50721808859e-09

Neso
0
-15.7895621704
25.7417840262
-0.406193159609
-2.93223361363e-08
-1.94134203796e-08
2.38244331709e-09

Charon
0
-42.9841202257
-9.46238472388
13.4463885372
1.18473526156e-08
-2.3796555274e-08
-4.57580756781e-10

Nix
0
-42.9842065597
-9.46195116757
13.4463887186
9.78411125382e-09
-2.46232443041e-08
-4.57826894614e-10

Hydra
0
-42.9844539302
-9.46261918704
13.446390704
1.13018536891e-08
-2.50576121262e-08
-4.59884855846e-10

Kerberos
0
-42.9842101015
-9.46266184322
13.4463869399
1.1500289621e-08
-2.46228079369e-08
-4.53030170285e-10

Styx
0
-42.9844713164
-9.46233396221
13.4463888226
1.08740583977e-08
-2.55266281514e-08
-4.59118871729e-10

1 Ceres
0
2.82040421152
0.595037255366
-0.501163479446
-2.74179769411e-08
1.093331054e-07
8.49364631639e-09

2 Pallas
0
2.62399069272
-1.83420856225
1.04766680605
5.32204705701e-08
6.36957748229e-08
-4.84737437851e-08

3 Juno
0
-2.08321439334
-2.53294449283
0.659775450255
7.10119783639e-08
-6.07021574894e-08
1.09013768882e-08

4 Vesta
0
0.516991365606
2.51495153352
-0.13826215776
-1.15343051248e-07
2.37700819166e-08
1.33172587342e-08

5 Astraea
0
-2.10302653034
-0.838123616847
0.184476812646
3.18521319654e-08
-1.3573982951e-07
8.13519597911e-09

6 Hebe
0
-2.64665286454
-1.0275023198
0.662709829201
4.15281090273e-08
-9.48570968594e-08
1.15251219377e-08

7 Iris
0
-0.481851647313
-2.74266600533
0.00218631546245
1.08367498766e-07
-1.12773187514e-09
1.03262158842e-08

8 Flora
0
0.134931176864
-2.34293582095
0.0732030554006
1.22439371917e-07
2.45710612666e-08
-1.26974304969e-08

9 Metis
0
0.0852292951948
2.09799705995
0.0658384353868
-1.44442456331e-07
8.9855978882e-09
1.34706769834e-08

10 Hygiea
0
-2.56773036466
-1.16672262961
-0.185262770718
5.71748087946e-08
-1.10272626171e-07
2.03475093494e-09

11 Parthenope
0
2.17764211578
-0.456916490886
-0.121923854136
3.37277521393e-08
1.34928129809e-07
-8.57692613066e-09

12 Victoria
0
-2.37269117385
1.38637853954
-0.403112542996
-4.35108437195e-08
-9.82864871666e-08
2.92570908801e-09

13 Egeria
0
1.05665726009
2.19651590868
0.260241609072
-1.18283135918e-07
4.30395125785e-08
3.33741035001e-08

14 Irene
0
-0.122425497774
2.52080588573
0.0467948618768
-1.22327049334e-07
-2.72227654545e-08
1.92977295625e-08

15 Eunomia
0
-0.664998210531
2.33926788218
0.0643072148861
-1.29487384101e-07
-1.26651669828e-08
-2.5769923145e-08

16 Psyche
0
-1.74867997965
2.43140215493
-0.0673771275667
-1.00197169097e-07
-5.32207078585e-08
5.19203991051e-09

17 Thetis
0
1.85452996823
-1.33849821555
-0.0714573748089
9.0866972023e-08
1.00895611178e-07
-1.29794018615e-08

18 Melpomene
0
1.80530778406
-0.234165562539
-0.122618872392
6.20767909498e-09
1.59689531112e-07
-2.53809096675e-08

19 Fortuna
0
1.62802138933
-1.6329615782
0.0615281043927
8.01541881861e-08
1.08214589487e-07
-1.40540999367e-09

20 Massalia
0
1.70251347331
-2.10283119535
0.0326121352054
8.27089334643e-08
7.74825754521e-08
-4.10046793569e-10

