/*
Name
Object this orbits around
Mass
Semi-major axis (a)
Eccentricity (e)
Argument of periapsis (w)
Longitude of ascending node (omega)
Inclination (i)
Mean anomaly (M)
*/

Sun
none
1.989e30
0
1
0
0
0
0

Mercury
Sun
0.330104e24
0.38709843
0.20563661
77.45771895
48.33961819
7.00559432
252.25166724

Venus
Sun
4.86732e24
0.72332102
0.00676399
131.76755713
76.67261496
3.39777545
181.97970850

Earth
Sun
5.97219e24
1.00000018
0.01673163
102.93005885
-5.11260389
-0.00054346
100.46691572

Mars
Sun
0.641693e24
1.52371243
0.09336511
-23.91744784
49.71320984
1.85181869
-4.56813164

Jupiter
Sun
1898.13e24
5.20248019
0.04853590
14.27495244
100.29282654
1.29861416
34.33479152

Saturn
Sun
568.319e24
9.54149883
0.05550825
92.86136063
113.63998702
2.49424102
50.07571329

Uranus
Sun
86.8103e24
19.18797948
0.04685740
172.43404441
73.96250215
0.77298127
314.20276625

Neptune
Sun
102.410e24
30.06952752
0.00895439
46.68158724
131.78635853
1.77005520
304.22289287

Pluto
Sun
0.01309e24
39.48686035
0.24885238
224.09702598
110.30167986
17.14104260
238.96535011

Moon
Earth
0
0.002569714
0.0554
318.15
125.08
5.16
135.27

Phobos
Mars
0
6.267856e-05
0.0151
150.057
207.784
1.075
91.059

Deimos
Mars
0
0.00015681673
0.0002
260.729
24.525
1.788
325.329

Io
Jupiter
0
0.002819733
0.0041
84.129
43.977
0.036
342.021

Europa
Jupiter
0
0.0044863035
0.0094
88.970
219.106
0.466
171.016

Ganymede
Jupiter
0
0.007155624
0.0013
192.417
63.552
0.177
317.540

Callisto
Jupiter
0
0.0125858495
0.0074
52.643
298.848
0.192
181.408

Amalthea
Jupiter
0
0.001212659
0.0032
155.873
108.946
0.380
185.194

Thebe
Jupiter
0
0.0014834015
0.0176
234.269
235.694
1.080
135.956

Adrastea
Jupiter
0
0.000862365
0.0018
328.047
228.378
0.054
135.673

Metis
Jupiter
0
0.00085568
0.0012
297.177
146.912
0.019
276.047

Himalia
Jupiter
0
0.0766101
0.1586
331.234
64.798
28.612
66.874

Elara
Jupiter
0
0.0784819
0.2108
142.001
115.511
27.945
330.985

Pasiphae
Jupiter
0
0.157959865
0.4062
169.226
314.223
151.413
279.769

Sinope
Jupiter
0
0.16005227
0.2552
354.541
309.199
158.189
165.352

Lysithea
Jupiter
0
0.078328145
0.1161
49.670
5.326
27.663
330.475

Carme
Jupiter
0
0.156435685
0.2546
26.416
114.854
164.994
233.375

Ananke
Jupiter
0
0.14208299
0.2332
95.772
15.959
148.693
253.384

Leda
Jupiter
0
0.07463134
0.1624
269.393
219.181
27.882
230.352

Callirrhoe
Jupiter
0
0.161101815
0.2796
23.909
283.104
147.080
107.962

Themisto
Jupiter
0
0.05016424
0.2435
217.147
192.288
42.977
313.051

Megaclite
Jupiter
0
0.15919659
0.4156
288.882
280.575
152.781
135.272

Taygete
Jupiter
0
0.156181655
0.2523
231.540
305.114
165.253
94.756

Chaldene
Jupiter
0
0.154964985
0.2503
243.878
134.240
165.155
267.454

Harpalyke
Jupiter
0
0.14109361
0.2296
134.505
29.834
148.759
215.956

Kalyke
Jupiter
0
0.157532025
0.2466
218.934
43.864
165.121
255.702

Iocaste
Jupiter
0
0.14220332
0.2152
64.727
269.613
149.411
213.675

Erinome
Jupiter
0
0.15566691
0.2655
10.274
317.497
164.914
267.136

Isonoe
Jupiter
0
0.155299235
0.2471
116.879
130.961
165.250
124.941

Praxidike
Jupiter
0
0.14137438
0.2274
190.862
280.956
148.885
117.480

Autonoe
Jupiter
0
0.160687345
0.3152
54.793
272.817
152.364
142.035

Thyone
Jupiter
0
0.141701945
0.2307
97.023
233.022
148.595
238.786

Hermippe
Jupiter
0
0.142370445
0.2095
300.836
330.393
150.740
131.854

Aitne
Jupiter
0
0.155874145
0.2627
99.401
8.679
165.048
105.000

Eurydome
Jupiter
0
0.15473101
0.2755
223.631
302.470
150.271
287.689

Euanthe
Jupiter
0
0.140645715
0.2320
320.635
254.297
148.915
333.101

Euporie
Jupiter
0
0.12926116
0.1438
89.904
60.143
145.740
70.243

Orthosie
Jupiter
0
0.14144123
0.2807
216.805
221.949
146.004
204.517

Sponde
Jupiter
0
0.15903615
0.3112
61.885
116.363
150.997
174.044

Kale
Jupiter
0
0.15580061
0.2597
44.233
60.170
164.944
212.853

Pasithee
Jupiter
0
0.154363335
0.2682
231.920
327.729
165.117
215.443

Hegemone
Jupiter
0
0.157598875
0.3445
197.144
318.902
154.164
236.950

Mneme
Jupiter
0
0.140605605
0.2258
40.542
13.467
148.585
256.860

Aoede
Jupiter
0
0.16026619
0.4325
59.739
173.392
158.272
197.676

Thelxinoe
Jupiter
0
0.1414546
0.2201
313.183
169.962
151.390
268.013

Arche
Jupiter
0
0.15610812
0.2495
171.632
339.210
165.015
39.713

Kallichore
Jupiter
0
0.15560006
0.2509
9.836
30.339
165.102
55.937

Helike
Jupiter
0
0.140819525
0.1498
299.482
89.749
154.842
43.659

Carpo
Jupiter
0
0.11401936
0.4317
90.372
50.597
51.624
337.062

Eukelade
Jupiter
0
0.155914255
0.2619
309.685
193.558
165.265
204.846

Cyllene
Jupiter
0
0.159103
0.4155
187.429
252.611
150.336
128.345

Kore
Jupiter
0
0.16366217
0.3313
138.071
313.355
145.173
33.416

Herse
Jupiter
0
0.15648248
0.2541
330.295
295.702
164.964
141.667

S/2000 J 11
Jupiter
0
0.082205445
0.2320
173.544
294.497
28.631
309.734

S/2003 J 2
Jupiter
0
0.189499695
0.4100
165.201
344.782
157.291
237.932

S/2003 J 3
Jupiter
0
0.135177385
0.1969
66.338
231.489
147.547
311.780

S/2003 J 4
Jupiter
0
0.159965365
0.3624
197.401
179.131
149.589
260.480

S/2003 J 5
Jupiter
0
0.157064075
0.2476
90.066
176.683
165.248
336.636

S/2003 J 9
Jupiter
0
0.156328725
0.2632
292.662
44.321
165.047
348.415

S/2003 J 10
Jupiter
0
0.15403577
0.4299
170.833
151.911
165.073
258.937

S/2003 J 12
Jupiter
0
0.11919355
0.4904
13.288
65.530
151.003
38.543

S/2003 J 15
Jupiter
0
0.151261495
0.1899
18.405
236.674
146.492
58.865

S/2003 J 16
Jupiter
0
0.141033445
0.2281
57.681
16.883
148.683
307.563

S/2003 J 18
Jupiter
0
0.13709598
0.0895
130.894
158.247
146.077
202.160

S/2003 J 19
Jupiter
0
0.157318105
0.2552
176.668
27.442
165.116
223.035

S/2003 J 23
Jupiter
0
0.157545395
0.2746
255.114
41.706
146.424
144.222

S/2010 J 1
Jupiter
0
0.156756565
0.2491
189.230
282.871
165.100
160.525

S/2010 J 2
Jupiter
0
0.14041174
0.2267
18.252
5.802
148.673
312.074

S/2011 J 1
Jupiter
0
0.15673651
0.2534
31.514
250.728
165.318
256.027

S/2011 J 2
Jupiter
0
0.15458394
0.3493
270.154
24.866
153.597
285.597

Mimas
Saturn
0
0.001240328215
0.0196
332.499
173.027
1.574
14.848

Enceladus
Saturn
0
0.00159131077
0.0000
0.076
342.507
0.003
199.686

Tethys
Saturn
0
0.00196988232
0.0001
45.202
259.842
1.091
243.367

Dione
Saturn
0
0.002523019275
0.0022
284.315
290.415
0.028
322.232

Rhea
Saturn
0
0.00352344958
0.0002
241.619
351.042
0.333
179.781

Titan
Saturn
0
0.008168167525
0.0288
180.532
28.060
0.306
163.310

Hyperion
Saturn
0
0.010033737105
0.0232
303.178
263.847
0.615
86.342

Iapetus
Saturn
0
0.02380430899
0.0293
271.606
81.105
8.298
201.789

Phoebe
Saturn
0
0.08655683183
0.1634
342.500
241.086
175.243
53.038

Janus
Saturn
0
0.00101244325
0.0098
16.012
154.175
0.165
17.342

Epimetheus
Saturn
0
0.00101244325
0.0161
88.975
192.762
0.353
80.377

Helene
Saturn
0
0.00252321314
0.0000
33.134
163.112
0.213
43.186

Telesto
Saturn
0
0.0019702032
0.0002
119.135
229.182
1.180
260.157

Calypso
Saturn
0
0.001970209885
0.0005
17.470
314.226
1.500
156.660

Atlas
Saturn
0
0.00092101919
0.0011
210.851
236.422
0.003
283.282

Prometheus
Saturn
0
0.000932082865
0.0022
37.514
319.176
0.007
96.886

Pandora
Saturn
0
0.00094799985
0.0042
66.248
147.272
0.050
125.112

Pan
Saturn
0
0.000893015725
0.0000
103.331
52.076
0.000
351.187

Methone
Saturn
0
0.00129957737
0.0000
134.636
313.562
0.013
71.189

Pallene
Saturn
0
0.00141910517
0.0040
16.074
123.180
0.001
356.229

Polydeuces
Saturn
0
0.00252172907
0.0191
311.847
67.936
0.175
89.307

Daphnis
Saturn
0
0.00091252924
0.0000
266.931
132.867
0.003
113.790

Anthe
Saturn
0
0.00131619628
0.0011
138.902
287.852
0.015
190.473

Aegaeon
Saturn
0
0.001119236125
0.0002
152.905
317.202
0.001
322.771

Ymir
Saturn
0
0.15461068
0.3338
21.352
192.937
173.497
228.673

Paaliaq
Saturn
0
0.10163874
0.3325
237.522
330.022
46.228
321.654

Tarvos
Saturn
0
0.121954455
0.5382
274.104
102.504
33.725
265.783

Ijiraq
Saturn
0
0.07626248
0.2717
92.899
130.779
47.485
17.328

Suttungr
Saturn
0
0.13014358
0.1139
34.281
227.259
175.815
321.133

Kiviuq
Saturn
0
0.07610204
0.3325
90.205
353.584
46.764
172.018

Mundilfari
Saturn
0
0.124695305
0.2097
309.694
82.856
167.439
92.821

Albiorix
Saturn
0
0.109587205
0.4797
55.932
102.512
34.060
32.828

Skathi
Saturn
0
0.104519975
0.2718
203.517
286.599
152.633
114.689

Erriapus
Saturn
0
0.11766937
0.4722
282.522
150.985
34.481
294.829

Siarnaq
Saturn
0
0.12154667
0.2802
65.929
47.826
45.809
201.288

Thrymr
Saturn
0
0.13649433
0.4659
125.404
285.762
177.659
30.075

Narvi
Saturn
0
0.129348065
0.4296
169.959
174.435
145.731
114.172

Aegir
Saturn
0
0.138720435
0.2524
242.651
179.064
166.668
26.017

Bebhionn
Saturn
0
0.11442046
0.4682
358.141
199.128
35.101
168.045

Bergelmir
Saturn
0
0.12926116
0.1420
133.400
202.164
158.557
306.494

Bestla
Saturn
0
0.135097165
0.5145
81.185
288.308
145.136
239.156

Farbauti
Saturn
0
0.13630715
0.2414
342.995
135.109
156.520
282.813

Fenrir
Saturn
0
0.15010499
0.1347
120.982
226.595
164.963
131.678

Fornjot
Saturn
0
0.16810101
0.2077
324.787
259.946
170.372
214.499

Hati
Saturn
0
0.13281758
0.3710
21.286
324.380
165.808
163.640

Hyrrokkin
Saturn
0
0.1232714
0.3359
273.076
45.402
151.536
291.841

Kari
Saturn
0
0.147691705
0.4756
163.935
281.211
156.067
286.021

Loge
Saturn
0
0.154149415
0.1862
32.821
343.811
167.689
337.237

Skoll
Saturn
0
0.11811058
0.4636
193.115
296.623
161.010
44.965

Surtur
Saturn
0
0.153360585
0.4459
303.662
236.537
169.688
136.191

Jarnsaxa
Saturn
0
0.12938149
0.2178
237.422
22.519
163.649
198.750

Greip
Saturn
0
0.123385045
0.3146
152.160
349.350
174.800
314.541

Tarqeq
Saturn
0
0.12007597
0.1675
34.767
83.291
46.291
161.020

S/2004 S 7
Saturn
0
0.140385
0.5290
84.036
341.236
165.693
79.762

S/2004 S 12
Saturn
0
0.13293791
0.3268
87.128
307.942
165.261
1.599

S/2004 S 13
Saturn
0
0.12304411
0.2591
346.186
205.701
168.798
41.077

S/2004 S 17
Saturn
0
0.13000988
0.1795
180.792
26.664
168.239
228.545

S/2006 S 1
Saturn
0
0.1255443
0.1412
154.950
336.641
156.180
96.596

S/2006 S 3
Saturn
0
0.14993118
0.3792
188.728
206.993
158.631
167.147

S/2007 S 2
Saturn
0
0.11175983
0.1791
57.720
111.277
174.057
84.066

S/2007 S 3
Saturn
0
0.12660053
0.1853
111.854
276.824
177.595
292.691

Ariel
Uranus
0
0.0012761665
0.0012
115.349
22.394
0.041
39.481

Umbriel
Uranus
0
0.00177821
0.0039
84.709
33.485
0.128
12.469

Titania
Uranus
0
0.0029166655
0.0011
284.400
99.771
0.079
24.614

Oberon
Uranus
0
0.0039006975
0.0014
104.400
279.771
0.068
283.088

Miranda
Uranus
0
0.0008683815
0.0013
68.312
326.438
4.338
311.330

Cordelia
Uranus
0
0.000332913
0.0003
136.827
38.374
0.085
254.805

Ophelia
Uranus
0
0.000359653
0.0099
17.761
164.048
0.104
116.259

Bianca
Uranus
0
0.000395752
0.0009
8.293
93.220
0.193
138.486

Cressida
Uranus
0
0.000413133
0.0004
44.236
99.403
0.006
233.795

Desdemona
Uranus
0
0.0004191495
0.0001
183.285
306.089
0.113
184.627

Juliet
Uranus
0
0.000430514
0.0007
223.819
200.155
0.065
244.696

Portia
Uranus
0
0.0004418785
0.0001
222.433
260.067
0.059
218.312

Rosalind
Uranus
0
0.0004672815
0.0001
140.477
12.847
0.279
136.181

Belinda
Uranus
0
0.0005033805
0.0001
42.406
279.337
0.031
357.224

Puck
Uranus
0
0.00057491
0.0001
177.094
268.734
0.319
245.796

Perdita
Uranus
0
0.000510847645
0.0116
253.925
309.376
0.470
192.405

Mab
Uranus
0
0.00065336516
0.0025
249.565
350.737
0.134
273.769

Cupid
Uranus
0
0.00049731052
0.0013
247.608
182.793
0.099
163.830

Caliban
Uranus
0
0.0483399035
0.1812
354.339
171.189
141.529
7.271

Sycorax
Uranus
0
0.081419289
0.5219
20.103
263.034
159.420
266.583

Prospero
Uranus
0
0.108810408
0.4445
174.152
319.003
151.830
233.586

Setebos
Uranus
0
0.116455374
0.5908
359.953
250.235
158.235
179.449

Stephano
Uranus
0
0.053529469
0.2248
14.956
191.411
143.819
270.163

Trinculo
Uranus
0
0.056857262
0.2194
158.688
193.755
166.971
180.374

Francisco
Uranus
0
0.0286311865
0.1324
140.644
100.738
147.250
3.202

Margaret
Uranus
0
0.0945706895
0.6772
90.017
7.067
57.367
322.187

Ferdinand
Uranus
0
0.13657455
0.3993
156.298
217.350
169.793
26.163

Triton
Neptune
0
0.002371563915
0.0000
66.142
177.608
156.865
352.257

Nereid
Neptune
0
0.03685987333
0.7507
281.117
335.570
7.090
216.692

Naiad
Neptune
0
0.000322397495
0.0003
2.045
42.279
4.691
30.035

Thalassa
Neptune
0
0.00033474469
0.0002
237.065
145.980
0.135
262.923

Despina
Neptune
0
0.00035113631
0.0002
176.857
77.060
0.068
230.812

Galatea
Neptune
0
0.000414155805
0.0001
343.011
37.247
0.034
65.999

Larissa
Neptune
0
0.00049166838
0.0014
249.891
308.127
0.205
166.246

Proteus
Neptune
0
0.00078646351
0.0005
67.968
315.131
0.075
250.938

S/2004 N 1
Neptune
0
0.00070382354
0.0000
0.000
0.000
0.000
302.652

Halimede
Neptune
0
0.111512485
0.2909
162.119
217.288
112.898
105.258

Psamathe
Neptune
0
0.312222925
0.4617
144.158
298.074
137.679
190.027

Sao
Neptune
0
0.151208015
0.2827
65.047
60.354
49.907
168.139

Laomedeia
Neptune
0
0.157852905
0.4339
140.107
59.124
34.049
285.863

Neso
Neptune
0
0.33597473
0.4243
86.441
49.151
131.265
260.648

Charon
Pluto
0
0.000130965835
0.0002
146.106
26.928
0.080
131.070

Nix
Pluto
0
0.000325365635
0.0000
324.463
203.400
0.000
284.405

Hydra
Pluto
0
0.00043250613
0.0056
153.307
113.173
0.304
326.678

Kerberos
Pluto
0
0.000385918365
0.0000
160.629
305.871
0.426
161.061

Styx
Pluto
0
0.000283397205
0.0006
330.244
26.956
0.080
194.546

1 Ceres
Sun
0
2.76813421218
.07570505680427501
72.81475686559388
80.31427320973263
10.59170527041235
224.0952561175349

2 Pallas
Sun
0
2.77277933984
.2308348499207975
309.9992146047722
173.0878438152514
34.84116169527745
206.2863809353944

3 Juno
Sun
0
2.66883076717
.2566013263279949
248.2367965635273
169.8629971529693
12.99010228037851
168.7344288303406

4 Vesta
Sun
0
2.36134819928
.08906673774017462
151.1116347171285
103.8425122329109
7.14040615716409
183.8768224741924

5 Astraea
Sun
0
2.57434261189
.1915522146386141
358.8788959110925
141.5919616964633
5.367954130972414
43.43478992890665

6 Hebe
Sun
0
2.42621607642
.2022303407069146
239.7381375367004
138.6747977454348
14.73796733814745
185.2838172025677

7 Iris
Sun
0
2.38522975565
.2313941303984472
145.363565280652
259.5703698038863
5.523580477740804
232.7864657332923

8 Flora
Sun
0
2.2010685516
.1569996442001893
285.3728318989901
110.9052303644528
5.886848197272373
252.9870735590973

9 Metis
Sun
0
2.38603729752
.1219764105986603
5.924268970478969
68.93414805166991
5.574427671818723
10.03627223573681

10 Hygiea
Sun
0
3.14191799935
.1133053892798866
311.948087944763
283.2456749952717
3.830834969283635
335.4071049604983

11 Parthenope
Sun
0
2.4528550301
.1003481866738269
195.9680364962868
125.5662233880554
4.629641079848073
21.86862003583957

12 Victoria
Sun
0
2.33417538805
.2206978529731139
69.51485587615323
235.4575090013653
8.367887383261616
217.1191874266558

13 Egeria
Sun
0
2.57652588359
.08365858072159114
80.38611768567263
43.23853451546533
16.53971301264297
309.4246907415328

14 Irene
Sun
0
2.58565122181
.1664526494184216
98.10815122411205
86.14734754206023
9.119220743730754
287.6467225198714

15 Eunomia
Sun
0
2.64323356213
.1871469382563032
97.53649727080676
293.1802860145317
11.73842817024405
55.1202949684246

16 Psyche
Sun
0
2.92199042838
.1359391883722294
227.141805598413
150.276290037812
3.099046099258383
93.03868679421561

17 Thetis
Sun
0
2.47099255216
.1324690545173126
136.07832395165
125.5662880469887
5.590503185253056
49.72423692586869

18 Melpomene
Sun
0
2.29548253821
.2189506818679186
227.8519238463122
150.4701191066096
10.13359511604392
343.9451953755229

19 Fortuna
Sun
0
2.44194953301
.1587999451324234
182.1571162079561
211.1465994137994
1.573662242109232
298.9418146132178

20 Massalia
Sun
0
2.40892629133
.1425514216559068
256.5981348613361
206.1164834550092
.7083937078229832
214.2770068018266

